$ANSIBLE_VAULT;1.1;AES256
64353737376438383965326136653836383636656437633234356664643732636338336164343862
3965626430323133666566313831393938346261366634650a316664633739353663353866326565
31663635393533316138333333373465643364386163326165633036613331363938336133643166
6166396537313761640a623865326663666238376265353438383330663338356535373836396639
38326139373435336237656234333837393931323561323332666237373339306638303563393834
34363039336634393239373262663034336363313736356534353233623731643735303661393937
33633933323632356537616663633736643132656561393631653363306261613362356664633565
33636664373331336333623839323434386632343534656563386339303537366265323361313039
38353664333461336332353962643233626564303863333132323366383264653937656635353265
36346161613961363964663265393439383934313130363436653666623664303031373435326265
393931643933363936336161356636313338
